[new_york]
lon=-73.935242
lat=40.730610

[san_francisco]
lon=-122.446747
lat=37.733795

[toronto]
lon=-79.384293
lat=43.653908

